6713 6713
6613 4886
2685 1499
262 703
6527 2645
1661 5405
4028 3386
2876 174
1825 413
3631 3511
1360 5949
2869 6236
2418 2444
4172 5800
1370 419
3526 6145
4905 3923
5872 3322
2463 4951
1578 5650
3490 15
1832 3565
4630 1513
452 5121
6146 1923
982 2898
1782 3145
3279 5340
5982 1412
1633 4221
6575 6205
1379 3913
3753 4294
5537 4850
1790 4614
6189 2917
6362 5433
2614 5047
1848 4864
276 70
5314 1614
738 1985
2792 1323
5336 5844
1346 2336
814 5991
1645 1362
6557 2812
5988 101
5172 3888
6382 4768
4848 3014
1368 3222
5438 1920
5840 1993
4671 2545
2381 1515
4406 5230
3381 3783
3360 4664
4745 5615
39 3746
5518 4640
2502 3093
2524 322
4517 5234
1943 5740
4007 6587
431 1704
1470 2046
2699 5478
2969 1651
215 2849
2673 2026
6501 2872
1288 2904
5115 3498
4243 5921
3780 5326
4571 275
2277 594
317 3292
6197 4347
892 2669
2028 3161
3467 5568
3540 6708
444 668
2794 1446
3361 5412
2740 3354
2692 5408
4412 2867
2219 6336
2289 5033
1563 4417
4108 5973
6284 4018
1447 2771
4611 3280
1525 6183
4002 3988
950 3987
5733 457
1476 82
5833 4303
1677 1783
976 2837
1373 2980
4152 3758
4745 3269
4128 6081
3479 4246
2955 3427
3488 848
4350 5479
541 3394
1935 6617
830 5927
1336 5315
3966 1823
1142 3168
5011 2436
254 3819
3072 3921
2523 442
2482 5580
1286 1110
2347 4868
3755 6117
2239 5447
2080 2115
2757 3525
3255 672
5750 3453
4812 6346
745 1977
4558 4130
3200 965
4760 2581
1334 324
982 2921
1011 10
3189 2836
4486 2990
3741 5704
4129 6212
3472 354
4948 5171
283 1249
5244 4351
1889 1041
2111 5366
4646 4353
3754 1568
2917 2919
5032 3332
1480 2714
1911 5067
5067 3956
2212 5068
4067 5962
3162 5818
960 6180
3853 2125
2826 659
2996 5704
5262 704
2282 737
636 130
5402 6627
3718 6380
2251 568
5712 1825
1034 1130
2791 789
4852 4862
58 516
5590 2606
3945 1489
3834 5419
5437 3496
4034 1993
2311 3610
1499 4641
1526 1776
2227 6306
3188 4590
1847 1118
2184 6460
3302 3036
711 469
4451 5714
335 2760
858 2634
3827 190
2959 4704
5762 4462
2219 2820
5618 4919
1297 5208
833 6616
5174 2972
22 3451
3331 5494
4568 4991
357 1114
212 179
2701 2464
1316 535
5154 4097
6375 199
4979 3517
2240 5286
4397 476
2833 1273
2216 4051
6368 6654
5596 3216
4513 1826
1399 1558
2401 5384
4036 5087
6558 315
1049 1901
5331 364
314 6067
893 499
2581 5425
1311 372
3698 3305
368 1912
4105 3816
3615 4668
6307 430
3866 5344
6211 1449
259 5326
4470 2285
3600 4774
5065 6539
4445 4182
2758 4542
3413 5597
3796 3446
1087 5179
3114 5245
6009 3902
4438 5310
3080 2102
6061 6394
1996 6149
2320 5685
5201 5915
1649 2518
6552 788
748 2129
5101 504
5716 6186
4459 603
3905 6401
3733 5779
2011 2328
5307 5094
6675 845
4635 3614
4587 1127
6094 1722
1463 5589
3497 6237
1044 5375
3896 4027
399 1991
377 2433
5861 2034
6251 6643
3011 2626
5781 1064
1001 3828
6474 3273
6523 4102
4277 2027
5227 4508
1303 1217
1706 92
5508 843
594 6068
3791 2607
5928 1536
5356 180
1905 5520
1732 791
2933 1250
5714 5215
4401 1589
3761 6386
643 6167
5506 5213
2105 6490
67 5448
4193 680
307 2730
5214 6405
403 2238
3987 1740
4670 1502
1584 5371
823 2957
4413 5520
3244 6333
3867 4879
2459 296
1711 3935
1488 482
5092 4732
5004 3447
4410 3244
4528 5493
1666 3693
657 551
3523 1870
5208 2563
6308 3803
58 5526
2362 6648
3944 2684
1244 842
5717 5706
2836 705
2323 3881
1444 4481
5159 6229
793 171
768 6401
3926 2902
1933 3304
3854 1368
5770 5222
1830 109
1025 5438
270 249
5012 211
3521 5091
6425 6332
4185 6651
419 6024
6120 299
4450 4444
734 6101
6204 5066
277 2373
9 6578
51 5468
4840 26
5031 4336
3238 3661
2958 1062
3560 2906
630 5476
2648 6
5440 5475
822 43
1612 5162
2492 5451
3267 1514
2765 2451
368 2361
4105 6514
3179 2904
4244 4712
854 4565
4815 4712
6672 2272
4301 2960
715 1782
2799 2826
273 2908
5986 2160
1639 5906
108 1085
4588 6344
1276 803
2279 5662
1069 5323
4140 5436
4751 4744
6660 5967
2901 2164
2059 6601
4002 5051
3317 3643
3116 2112
3735 3865
5379 4342
3872 732
646 687
2242 342
1829 691
1876 5349
2794 6097
2421 5798
5459 137
4127 4858
6252 675
5095 395
2268 559
3569 3797
818 2309
3075 6478
3997 4409
2149 4875
6269 4948
4003 5411
4988 6353
5707 810
3687 5628
6085 3301
3824 17
3679 2358
3334 1393
2991 1939
5920 5012
6688 1374
6675 2163
425 855
5224 312
2061 2920
4465 3444
6092 1343
3487 1098
281 21
1775 2718
394 2063
914 2914
4352 1069
2169 1876
1815 3133
2407 3324
316 1043
3193 3568
3326 284
4740 2723
6215 4684
5546 3135
2542 5159
3529 6188
4793 3443
5392 6532
2208 2312
3563 4479
4287 3239
5043 2397
2541 2943
6271 5675
1068 1218
2892 1734
2291 465
63 2199
4954 5691
2014 3456
994 2584
2262 3616
3634 4664
2109 1129
4940 2549
544 6509
423 442
3586 5591
1296 6497
5177 1081
4999 3695
3534 5559
2918 1330
1342 6291
5119 1062
2731 5183
2922 6065
4270 3013
2480 6550
373 5410
5409 5898
820 844
4581 707
1059 2590
2247 3483
251 4520
6166 602
507 6113
3386 1169
6018 4829
4201 2565
5969 3660
1391 5276
356 2509
2007 217
5148 5562
6223 2965
6694 752
4863 4462
3357 5624
1302 2714
3942 2137
2663 4361
5299 2633
1856 996
4789 3339
5897 5914
3566 5254
1307 1946
4606 427
1389 5084
134 6464
4493 85
1261 2110
3423 5769
3219 1419
4385 4132
6123 78
1042 1008
2660 6708
3397 3740
2661 29
2410 6486
1001 3019
3701 2646
2707 5517
1306 587
2254 5861
2851 2160
2479 1544
5361 3138
3378 4482
3988 522
4536 6518
2925 6290
4192 1482
2888 2086
2613 3259
2509 1648
151 6678
1201 1189
3931 951
3764 3211
2804 5607
5167 5913
348 1431
3914 2297
1544 894
2796 435
2485 135
41 2296
2060 3141
3101 4163
1865 2524
6547 2018
4832 1061
1301 266
4523 866
5421 5572
2953 104
1208 5850
1123 4550
2706 5044
3990 5737
4163 2712
5989 2585
936 165
2938 2076
3340 2220
5865 3205
1289 4866
684 2171
3322 3333
4896 5642
1547 5536
1502 66
6462 6418
6199 4779
6238 6572
2040 1071
5001 3867
656 3777
3041 2313
2088 107
5481 4751
1342 4754
581 4080
5729 157
5851 496
2507 4480
3637 5158
2008 1508
293 4506
207 1715
444 1619
1175 3489
3820 294
5822 5610
978 5785
1371 4992
1181 4582
1610 3009
5418 634
3247 838
1346 2491
2232 518
3667 5972
5001 697
3530 819
2338 2611
3180 5055
997 5518
31 3997
4880 4838
4394 3018
3347 3474
2172 3478
52 663
1092 2963
3368 2247
3698 2225
2440 4424
2739 3440
829 3983
2327 4928
3139 3792
1122 4142
6163 4505
3663 4075
5764 2306
1424 4844
258 1481
6695 2253
6035 6276
4006 4794
3186 813
3407 1258
5211 4145
3744 5139
3125 5667
5184 1757
1296 1493
3197 5017
5196 1762
6421 4250
2741 1380
91 1793
5758 1328
5019 5151
1036 2776
1822 5956
5087 5777
2348 2334
4652 1799
992 5510
1101 3637
5612 6217
6142 3958
2027 4804
395 1609
1125 5212
2462 1485
2949 545
378 3831
3770 673
2773 1581
2954 977
5788 410
2944 4833
1414 2374
5698 5551
4078 2283
3705 3587
5191 2124
893 2528
3585 2066
4934 3024
4901 3894
3044 3665
1369 5051
1833 3558
3086 6678
2830 1203
6107 2369
5774 4068
5710 113
4786 6221
4176 2617
4722 4356
344 6294
5926 1880
5444 5102
4197 5369
537 4116
2327 4226
943 1430
5626 4344
6165 4842
779 6581
4919 3122
542 1188
4655 4673
3687 4916
4000 2979
4724 4358
2475 5354
144 5865
3865 6590
2048 4589
690 6160
3851 1403
5812 6515
3109 904
705 1005
4288 5639
811 706
508 4205
1154 4063
100 3535
1429 4904
2519 3373
6398 4005
245 2985
3659 5244
1583 2677
5294 1592
4013 2526
3942 1512
2698 2840
1650 481
5348 2827
3887 6152
158 1571
1173 5023
5603 633
4262 2165
2144 5692
4249 4848
2042 998
912 2475
2300 5548
5288 6602
782 4631
1034 630
5099 3729
5525 1887
4872 560
4872 336
2286 111
2616 1497
971 5850
768 2227
1818 4339
5273 5824
417 5803
5122 5228
3752 5833
4921 1091
5342 3060
1245 4817
6208 85
4098 4028
1160 2237
5423 4800
1677 3962
4123 6349
2842 5289
4164 367
4825 3571
5322 3066
6075 4868
5998 5794
660 5979
5039 2047
221 2729
6030 3564
3277 5467
750 1507
1136 5513
487 188
406 4568
866 3434
6549 4780
3785 6631
6150 5739
4021 3871
4987 6045
3462 2089
5924 2490
3910 4510
194 3427
3823 2551
6664 6066
25 4396
851 320
649 4041
707 3041
3293 3140
1952 5337
5147 2416
2305 6544
5072 6424
5441 5460
4719 3017
2596 355
4572 4945
4188 477
624 6495
611 905
1914 102
4267 4671
1847 526
6279 1542
4865 4639
5355 3508
1461 1785
2022 975
1756 3012
2116 2962
3933 2967
370 3051
3382 2185
1078 2875
6038 758
2676 4965
2399 6016
2148 5455
1241 5124
2105 6267
3249 3384
5774 5106
3934 4987
4160 1144
6592 637
3012 1050
3825 223
5495 6419
2108 4952
2195 2488
751 6500
82 1802
3270 2800
5754 1575
5611 4320
6375 3842
4811 1373
5556 4562
6415 2355
3000 3678
3230 4012
3577 1102
4746 4089
2812 1254
4483 6653
4397 5823
4519 1472
4325 5985
213 5748
5703 1998
911 1857
3443 3864
5368 5265
2942 401
6247 6404
2050 5160
4910 241
242 6602
2952 3417
3798 512
5596 6260
346 13
4837 5830
5644 4620
3803 3168
554 4457
4601 1550
1164 3166
4266 389
3858 6504
1050 5300
3265 3284
436 5826
923 4230
6015 4560
5585 1707
2277 1047
719 6657
2921 1313
2517 2290
5432 5775
5984 561
6595 5410
6058 6503
4535 6059
1172 981
4531 3934
2638 5527
6177 6123
5336 1287
4667 5573
4303 5229
6638 2152
689 2074
4380 5049
5090 2196
7 4124
3160 2855
6518 3264
2682 266
2142 6065
4916 3077
879 2679
4636 6128
966 5062
1700 3725
4324 923
1411 5080
2818 2602
2534 5639
4232 3403
1986 601
2543 873
4734 6116
1590 5783
1716 4680
5400 2829
6157 5498
6046 3468
5434 4143
6695 26
5361 2649
2302 4315
5992 3512
5750 679
300 4974
111 1456
1978 3200
5189 4014
636 731
1059 1222
3320 3277
352 6638
667 5831
3328 1272
5249 2806
3897 2725
2438 3769
886 3874
580 1779
6437 2932
3359 5090
2235 606
1957 5452
1486 792
5176 587
4610 192
2223 3040
2748 1807
4406 2523
4569 5405
4487 5625
729 3176
1950 3991
3343 3882
1703 5078
6593 3125
2846 3155
2547 2691
4958 4983
251 1404
3945 5262
6493 4025
4092 3930
6487 5870
276 399
2134 4087
5104 4335
5803 1867
5933 5725
4516 4045
5247 2698
6006 2114
2705 4827
6134 2019
3208 1164
2505 4280
3004 1210
2860 3643
3719 970
2176 212
6254 4747
1022 990
3280 2438
4946 2754
3183 6347
3507 5042
5305 3302
6332 6559
5466 2577
1758 2537
428 3357
1250 2494
6084 4502
5341 401
3903 5624
2422 4757
4994 3402
1686 3633
5536 6099
6370 4763
6531 1315
4471 4030
4177 2257
807 582
595 5816
3341 500
463 6705
5063 1977
6340 6352
5056 197
5726 4821
5202 6512
3872 5740
1352 5882
642 1905
6459 5061
5700 2091
5542 3324
1689 5069
3730 4402
850 2069
5631 862
1353 5472
4466 6463
5025 4074
872 3473
5075 4775
4485 4357
6536 670
3553 5859
5046 5097
3018 3089
1597 958
5978 917
1928 5886
4564 5198
5976 2772
6092 3293
3751 6049
5853 5799
5810 4179
4382 922
2718 2142
2507 3691
4158 4442
5871 489
756 2801
366 6028
2182 2913
5363 3769
5735 6629
2407 2949
4756 3519
3393 6669
1809 4687
4660 6606
5100 5142
6027 3582
6614 3318
2112 3508
3015 1813
2271 1395
2662 5822
4144 6684
2140 224
136 48
2591 3434
2352 3289
1908 1986
4676 5791
68 4526
5993 1040
4349 3544
4596 6499
2330 453
6454 4622
6174 5376
3349 5290
5902 2198
4507 1129
1369 5436
5863 857
2743 4012
176 5010
4602 4311
3156 6586
808 4316
5136 4629
1573 2562
1254 2569
4925 5146
3926 5364
647 1366
4549 154
5057 5776
857 645
5497 5257
6418 4225
3756 2939
1660 5878
5786 5488
488 4110
3433 5157
863 5015
3079 6090
4721 3931
3488 246
2879 1683
3922 459
182 1131
5385 1897
3703 3591
119 688
2078 3400
4037 6155
2452 3920
5074 1165
3559 2516
3663 906
3297 3319
3323 6062
3178 6069
2582 4106
6654 1202
3365 1279
1408 6445
5454 3258
5425 3598
3954 6679
150 3795
2006 3900
758 6362
5356 469
5360 3652
3412 5374
4366 5427
4436 6596
4725 2004
1505 5390
1150 5770
5847 3379
5762 323
3737 4810
1618 3692
5808 3191
1640 957
3459 1319
4337 5739
6481 2228
3878 2672
2344 5922
798 5957
5809 966
1883 5281
5097 2839
3457 4014
6238 2623
2651 617
5167 4124
5613 4339
6135 4027
6255 5377
5579 1405
4531 4646
1084 170
4984 2984
1462 4580
4107 3566
1167 2308
2665 1524
6374 5571
1770 894
5550 3670
5701 548
2540 6141
3949 896
2254 1377
6213 944
766 2967
1952 1855
4136 3601
4296 532
911 2383
2701 5930
1247 5981
1073 5657
6371 4721
178 3859
1535 2380
6051 447
2550 6258
780 686
4231 1111
4541 1109
6377 6541
3829 131
139 195
3333 404
5845 4970
6416 2458
6391 1962
2814 6410
1413 2194
2526 4710
1444 1195
124 1340
3115 1266
5909 5894
5206 3746
2730 3909
1359 3545
6666 95
4283 6635
3326 1265
4136 1458
890 4846
2267 5005
333 6607
3827 2545
2574 6221
1083 1445
5165 2263
5242 5924
6448 4552
2567 3499
4432 5350
3799 4632
2033 5768
2470 53
2676 3026
1280 5403
3287 2398
2384 4844
965 3753
6491 5682
2339 1936
564 106
3005 941
2326 556
5863 2047
3362 3469
6564 6433
4595 2706
3107 1530
4075 5320
6406 2868
882 3773
1960 5965
391 3437
2583 2010
1191 5756
4431 1489
3801 973
5545 3626
1242 2471
4589 4725
4511 3976
2997 4289
6230 384
1924 1608
5388 236
2431 751
672 4388
3771 761
6412 2259
1240 2003
5805 6149
3112 1032
1785 3762
3888 2723
98 1887
1843 3441
2995 5653
2481 6356
4313 4834
479 4985
4048 3083
5259 787
3531 1081
1530 4069
304 3218
4592 256
2211 4147
2715 4165
4884 461
3779 1110
2885 5263
5665 6168
4134 6390
5936 3408
1954 5085
2905 5929
5146 6395
5505 1313
1441 2065
4849 5534
2419 1312
2971 2191
24 6022
4329 1096
6385 4270
1465 1220
1777 4707
1599 1878
6585 1695
1137 3813
2341 4203
2925 2290
6103 5890
991 4788
5108 1828
5318 4038
4731 6607
262 2035
5763 6298
57 4762
2696 2071
5923 3890
3953 3002
6341 635
6482 125
1820 3278
4352 3606
4650 2601
5635 5003
2969 4779
520 5819
2471 4637
5877 3649
1737 5442
5444 1058
2074 4079
5697 6027
778 2130
351 4804
1846 2647
1564 6516
5432 2162
1366 513
632 5794
5768 2911
2720 1811
1094 1840
5114 2973
2742 2687
3097 4908
5367 2797
47 1232
750 4666
2202 6447
1995 4229
296 2534
4604 5648
3506 5037
535 901
5680 3567
5135 5771
3031 3622
6379 753
3656 1259
1685 803
6031 3246
3604 1195
4713 1439
1109 1511
5429 375
4044 2592
3892 2553
3728 6318
606 2674
5901 210
2987 5600
622 4542
6281 6032
1223 4618
724 1275
5666 2887
3452 1867
6267 1945
108 3111
274 1060
3128 6450
2193 2211
4046 1576
1906 1089
5072 3375
3194 4056
1248 4902
1519 5723
6649 641
4058 4773
5629 9
4731 5587
6566 6260
6457 5719
4033 5187
3833 1226
692 3828
2705 4705
4828 4556
1578 2135
3619 3344
4512 5211
6489 6269
4386 4792
2846 2264
766 6199
1215 2453
4087 694
1534 3916
1682 2645
5954 1453
6032 140
69 2427
2429 3710
2927 2388
4065 3315
273 2352
300 1026
2514 1735
5199 5646
186 2667
2420 4307
3669 2852
2376 4551
6681 4139
2181 5499
2573 2680
4854 4386
405 2280
3550 4913
1122 4300
4410 4246
237 4650
1768 6219
1839 5868
3037 1211
5588 3754
1147 1004
6595 5952
2001 1852
2672 61
746 5251
3056 1467
4164 1423
5658 2808
4623 6363
5079 3605
471 5927
4007 3602
6004 6253
291 3242
229 6465
6632 3799
382 5372
1753 6098
3052 541
5858 2874
4103 1792
2258 1317
3052 1898
900 3226
5418 4336
4199 6703
2994 5783
3846 1657
6488 5509
5885 3852
6570 4889
4942 1591
3074 2402
4313 4952
343 3316
1264 716
5233 2745
1116 5165
6586 3255
4113 3327
4024 6185
3380 1628
5248 385
5333 3836
1395 5751
3073 4937
3655 4328
846 5765
5170 4790
749 6472
3630 3994
3805 3405
3143 1604
4314 6286
5000 5228
1371 6402
689 4851
4971 3256
959 3108
3856 105
2783 625
2161 3213
1344 3723
1148 2294
3839 121
1270 547
1985 6584
1471 3884
676 6436
1750 3547
1192 4926
5864 1956
1299 1968
485 2413
3745 487
4482 6413
2465 5605
937 3825
6661 5088
2028 6209
3398 2472
4628 4960
1 4379
4402 233
5272 3546
1047 4777
1849 1972
2880 4477
6018 4656
5401 4999
2558 2081
3395 6145
2463 853
2514 2808
4802 325
4343 2847
536 5290
2321 4046
4971 3760
2346 4750
3346 937
5681 5373
6023 4293
3535 2786
3599 437
6024 5668
1358 2043
1054 4112
5522 6544
1077 3957
6381 1997
4465 5841
2280 2408
1256 700
3016 3210
883 5787
1703 6589
2822 5682
5460 5402
4832 4049
454 1813
1392 2950
1206 1767
4757 850
5360 6632
3651 5711
2566 5795
2016 4233
1735 2180
5130 147
6093 6343
1121 1837
5869 633
5802 1569
4513 4227
1500 4593
2855 2571
6406 3320
4548 5894
5024 5554
4866 2627
5640 1786
2787 4190
1148 6373
2218 5038
1200 81
5459 2275
2932 4003
1348 330
4605 2200
1124 6273
2960 3408
3391 2624
6300 6264
1211 4319
5246 1473
5779 1097
2132 6175
2652 436
1881 2445
4354 4565
6153 3665
2415 2811
2550 1511
591 4749
1797 1806
6237 5056
933 3518
3190 881
4425 1994
4576 1816
5744 1829
5802 167
553 3936
6209 3300
4701 2096
4160 4251
2686 1849
446 1699
1882 4400
2947 2122
3252 3500
709 1965
4371 2119
4506 3597
3649 1029
5048 4966
6169 3087
6387 4169
6292 3376
2717 4171
6624 3009
6225 3794
3467 496
6545 6373
1179 1068
5845 569
400 4096
4799 3415
2495 5652
3547 3891
6611 4968
586 6685
1561 4817
2544 6383
4493 1834
2916 6007
2064 4653
5789 1162
5911 5283
2493 3957
1528 1135
6394 1403
749 3407
5638 1237
1510 1474
2478 4220
813 138
5447 5667
890 2034
112 2759
616 3381
723 1357
1780 4888
3294 1120
5722 4385
3453 3295
4243 383
6017 5922
849 5860
2945 2045
3309 5458
3861 4407
4743 2497
5576 6489
4154 1745
4567 1340
4495 319
2612 6084
3768 5020
5628 1320
2939 3313
4109 658
4053 2241
4785 6051
70 2498
4672 5059
1752 3579
1400 4128
6342 2439
4557 3928
948 6201
5249 3039
381 1314
303 2884
2329 3256
1870 2853
4478 19
1822 1116
665 5394
1172 3071
1101 5136
3251 6505
6361 24
217 6689
1157 2989
1572 3748
6467 5911
3399 329
19 1987
3103 4831
514 650
1788 1326
121 6003
1153 5240
1552 3757
5415 5002
2882 4532
4346 3068
867 4223
5674 6592
3346 5457
1266 543
1634 4371
6414 2215
835 3391
615 3483
3842 5614
1419 2256
4017 4881
3840 2110
5069 4685
1701 2789
6483 74
6594 129
2598 5860
5753 3254
6110 6295
1866 2590
3112 2732
2208 5241
5686 3094
1227 3065
573 3792
5941 2895
640 579
5811 3617
1067 3347
6540 6108
1697 539
676 4374
681 2951
6148 2387
2728 604
3 5832
6079 2075
6658 4929
6249 2850
2896 3717
5031 2865
2441 2600
1341 1680
3328 6299
2307 6302
3559 4514
1490 2163
4157 3080
2854 1095
267 797
701 2549
1072 288
3757 6105
4121 5574
6301 6129
1251 5565
3809 628
3669 5721
3837 5563
1232 77
2934 556
2288 1982
5556 3797
1739 5201
3281 3555
2101 4256
72 2871
6374 1668
3418 4076
1030 1859
3532 730
3909 4989
1915 6303
1602 868
3743 1089
3818 3060
5424 84
3660 3401
800 1493
620 2067
1218 174
4681 774
608 2517
5142 3553
4602 2747
369 5386
137 1563
2625 3840
777 6423
96 1789
5834 4950
564 5061
5976 4800
334 1783
1128 3644
5274 6391
1442 1808
3067 2256
6664 902
5870 5759
763 3594
6665 1744
1967 4930
4539 3291
2756 804
1347 5703
2611 56
2710 2953
1984 1235
4091 123
4194 2083
2531 818
4305 5144
5521 502
2108 1781
6205 5435
3257 5957
2972 4670
6369 4973
946 2223
699 3632
5669 6037
2164 5895
2938 2404
4241 3851
1136 4296
2500 5620
3007 4618
4538 2169
3124 1647
6196 5088
3437 40
3215 6526
2147 3481
1020 5606
6074 3209
3594 154
4894 5362
524 2336
6275 2033
4363 318
4183 5747
6346 1620
2864 201
311 1345
4730 1818
5113 5197
379 437
505 2057
1378 1616
646 5329
1292 1103
129 5563
1614 2891
552 2862
879 2206
5943 2274
133 3082
3787 2229
2583 4945
7 6625
4081 1858
2127 1454
2675 6240
5380 4835
2224 2095
6680 3906
1 79
1401 497
875 691
2347 6443
2594 4634
3298 2448
1394 5486
1559 4831
3733 639
4957 5396
1955 4421
2329 4717
6652 5925
3196 6029
527 4359
6321 6527
2937 6360
1587 1146
4271 1222
6379 189
3150 5186
1521 4739
451 3675
392 3591
3632 6520
4485 480
6147 2321
3938 3729
1948 3834
1552 2956
4773 6536
5372 6343
1921 5403
4841 6696
1909 4752
6234 6384
4413 3629
6465 2497
3622 1990
3951 2392
43 1334
443 3611
5417 3029
1301 2137
4995 5857
3697 4898
390 2775
598 1258
3498 2453
1294 6560
6099 5296
1437 5258
4365 552
5937 4428
5191 3104
421 1970
2077 1212
925 4094
4417 6712
2982 2671
200 5928
5641 732
3727 1166
3385 1838
2926 4982
6523 2834
316 6072
5636 1501
3667 4603
693 4518
3788 4918
6573 696
367 1844
627 438
1582 2273
4118 3008
3996 1183
3236 2671
1567 216
4578 5231
2751 4453
232 2120
5422 1057
1289 2380
252 2400
1801 5772
2712 3211
484 323
1585 4068
4759 1605
562 3252
1418 537
4891 5085
4546 548
3619 5284
3947 6535
5910 2152
5879 4323
5655 3956
877 2403
2009 2150
5216 3511
986 1384
326 2234
4922 2653
1483 54
743 3640
3812 6386
1217 4527
4312 4734
5000 5671
4212 733
4210 6468
3295 40
377 671
5200 324
4861 2342
3674 6679
307 4191
6095 4761
2982 3464
2980 713
3269 1999
4225 4151
3461 4627
1741 3710
5836 4488
498 5749
4287 2830
5609 615
3457 5718
2998 5838
5055 3696
200 2450
776 470
3869 6479
1664 2657
3064 1402
1051 3027
3824 2721
5462 3581
3444 2788
6485 4389
2244 198
1979 1877
6618 6019
5026 248
1566 5872
881 5018
3102 6210
6200 2467
3918 5562
3146 5680
6380 435
3716 554
3016 972
5366 3860
4975 4390
2184 6685
1667 6498
2196 88
5684 240
6280 6118
3044 3151
6185 3122
1325 4440
2442 4553
6039 6355
5701 3811
4545 5778
5820 5598
5705 1598
5694 2781
2360 642
2642 1926
3028 4864
2683 3973
2237 4200
5807 5522
3841 2726
1147 326
1509 1484
6672 769
222 1302
1554 4523
889 809
828 3205
4282 6548
2803 4705
1179 946
2945 600
495 5014
2087 5931
4481 1726
1171 6691
6583 1273
3784 589
974 2842
6150 772
644 5670
4052 3742
4713 3365
4114 3329
956 3967
5599 2635
2056 546
5104 2345
2437 5431
1714 6561
3812 5947
2722 1556
6231 5621
2966 3716
5040 2370
2339 1322
5764 1246
4652 1769
178 5893
4628 371
1636 1498
3319 5796
4423 2775
6187 5481
305 6554
1139 2056
1365 640
1082 4843
4259 6336
5584 5985
332 2260
602 1127
1158 4035
3503 6350
2149 2779
4990 1163
942 2269
302 1955
2744 5235
4391 3321
6345 2799
4282 4789
2442 3586
4904 5882
4494 235
182 5263
6474 1538
74 1541
3164 4903
3410 1335
6409 583
6642 805
4509 6702
4074 2236
674 5694
4911 518
2010 5608
735 1225
4823 1157
3943 4833
4197 2404
2396 997
134 5461
5399 5889
4563 6662
539 1875
613 5539
353 5782
440 1644
2878 6464
5570 5038
4209 3612
4181 3057
18 638
5593 5919
6476 3254
3810 2354
2048 713
4475 6597
3003 5227
5301 4066
3786 258
2948 3120
4597 6251
1300 250
1259 1918
3868 6080
2809 5466
360 2916
4119 5560
3055 4004
5029 6287
5394 2588
5150 611
356 5839
5331 807
4699 1951
4815 5378
89 2365
5064 2422
5773 4769
3313 5313
4248 605
2002 1365
1731 667
1421 2959
2961 5029
5190 87
1180 6282
3113 1549
4972 4425
1141 6382
4435 4724
1161 986
4302 2051
1613 2906
2151 1420
6140 6136
847 3843
361 2833
6614 5746
6348 2964
6262 5305
3233 1607
4835 1626
5921 2571
6355 205
6647 5128
3377 2781
4805 1910
3022 2653
4774 2780
6372 1285
6071 4816
2267 6469
1306 2767
1011 2708
4530 6599
6311 4111
2556 1854
1828 4816
987 2485
917 2555
282 6623
2668 6315
5413 1740
86 152
4001 5318
3706 631
778 1496
59 5912
2015 6434
3929 3528
6119 2266
4698 826
6003 1863
5050 5695
6257 2624
2426 3207
4750 5044
2318 2072
2538 153
3759 669
2971 2639
951 146
4892 6338
884 1433
4649 3551
2700 2838
6119 4062
55 4521
1320 3921
3573 3838
1547 3229
4847 2021
1673 1668
3694 4276
1844 5963
393 4071
2832 98
5414 4419
5937 5028
5464 2279
3133 4044
2835 1682
1332 445
6064 4383
110 1585
2821 430
3722 5471
5454 6633
3074 3589
3528 4496
4541 884
5317 1141
5519 2062
831 4885
5371 5959
3787 1415
3093 4703
3172 5856
5818 6005
1484 6598
4627 5328
3802 4609
4685 1665
817 4592
90 2597
3533 6537
2366 4216
788 5869
5659 6616
5507 3955
5416 1763
5352 2825
4691 4622
1646 4291
1284 4856
2343 6243
5119 3595
3538 3286
2764 2865
1039 1275
4803 4016
5137 3045
5131 1860
3268 6693
4042 3097
6548 1760
2658 6059
2078 2468
4812 1471
44 3375
2462 2696
2090 1939
4755 736
4103 1249
97 314
1958 1678
1712 811
2680 5346
456 6684
942 2758
6265 1739
2763 1193
3629 465
3329 6190
840 3765
6422 4122
1457 5376
1183 2091
6467 460
5788 6335
3589 468
3975 5538
3964 1423
812 1571
2944 1713
3958 4612
4190 3574
6008 4801
5339 6396
5887 1295
6660 2020
2942 3064
4399 5578
6157 6043
3390 3195
3829 5105
1590 2732
4570 5206
637 5994
6699 4239
4503 2192
5462 5127
248 1080
3062 2817
1562 4849
6197 5304
3808 4061
4619 874
4903 6139
5745 5778
6524 1533
4776 5569
1561 2766
1804 3695
3789 4611
3166 3014
1606 2567
574 6490
6041 3161
987 6156
1635 5094
940 6364
5636 5560
503 4349
3409 219
6048 1730
5176 1708
160 1255
5278 1363
1627 1280
4259 1133
1039 2816
520 5292
4722 287
1718 6593
5647 4309
3366 1236
1066 4638
6646 3826
5220 6250
5332 3435
1328 5151
3873 5706
2109 6673
2870 1658
3878 2008
4191 1200
1778 3121
464 6184
4708 3847
955 4247
4479 2805
1454 2299
2883 6309
6431 1831
2058 2032
2406 4638
3415 494
341 2609
6458 3466
6622 3592
3880 3047
4535 2405
812 2859
655 5303
5239 3638
6668 346
4936 1812
2325 4729
798 3006
489 2728
6086 1910
726 3638
3501 5441
2861 948
3913 1777
3518 6273
5961 562
6191 1960
6439 4224
20 4642
6154 3939
3536 3614
2711 6357
5096 6317
4989 222
4839 6182
5656 6392
3645 5358
4783 6218
5431 5637
4064 3287
2710 331
6225 3992
225 457
4224 4389
1527 3129
5620 2881
5693 6534
542 5463
4728 571
1176 2052
2474 936
3791 175
4890 166
4752 6504
3285 1343
4149 5846
3964 5610
1083 286
4218 2907
2309 945
5173 2458
4549 6572
5299 5204
3471 1012
4956 1033
2620 5446
5935 2452
4659 2271
2418 2831
2355 2415
1438 4295
4037 5771
1925 5603
4573 2805
3196 2317
679 5134
6648 592
5458 3893
304 2632
278 910
1553 2
1701 2249
4739 5335
5616 584
4934 1310
3455 21
625 5972
5804 1928
622 851
1339 5491
1056 1506
4196 844
288 6437
2190 6086
2557 3119
5963 6241
3991 1355
4304 1621
6687 832
5352 2179
3685 1854
6195 4809
5378 1795
3640 267
6168 6485
2124 494
3835 462
5381 3520
5192 4726
2922 5918
6531 2686
259 5689
3336 1477
1612 528
2408 3449
4955 1631
1546 4950
2927 4537
4366 1772
1797 3850
4020 6495
4456 6472
861 2564
159 3993
3226 5217
719 4771
3520 117
4372 1422
2085 2695
4428 4841
925 422
4237 3985
3426 1655
3770 3560
32 2358
769 2763
6411 5339
5951 3647
6054 4031
6046 3857
5601 6016
4887 4373
3863 310
6498 819
941 4813
6627 4299
4378 4267
6521 193
3223 6407
4208 5755
5196 5585
175 1594
2589 2935
6549 1654
1896 2907
1656 1204
1224 2242
3397 2294
2459 575
5632 3624
5125 538
4717 5772
3549 3164
1082 2841
6506 2487
1862 4367
1558 5337
5998 1733
1738 4019
6259 6588
2278 1310
6665 954
6529 4825
5737 2694
5393 3592
183 2527
877 4161
5540 5909
5630 5036
1862 2708
5155 2828
3154 5728
3832 6525
2970 5209
3747 53
3731 4795
3981 184
6192 5247
6127 5741
3973 6606
5334 3336
415 5207
3941 5382
5796 1997
3305 2738
3430 4643
4893 3049
4192 4420
1267 341
3039 3861
4625 1655
3490 142
5692 4865
5892 6203
3240 808
2539 4447
3395 5903
6175 557
5117 3937
6345 3671
432 6002
3448 5286
3479 6174
168 1203
4426 3231
350 1510
228 205
4173 5748
6182 5048
3363 979
1491 6298
3468 5996
4121 5022
5419 1382
3574 3000
201 2674
5806 1897
898 2044
6206 4761
817 6181
3583 1305
6310 2015
530 5023
4490 5524
6348 3726
2774 1959
106 2503
2868 6222
5006 3607
3034 3111
6203 2168
4235 6031
6093 6434
3332 1190
3778 2617
6246 3063
5876 1397
1115 792
1197 4202
3356 1468
5649 2361
709 297
2783 1215
6367 4262
1426 2104
4908 3581
5379 3491
6620 3503
2248 5712
1917 1118
5314 1874
1548 202
2693 5147
1991 920
5487 3569
269 5954
4544 116
4855 3103
1917 5297
531 4390
6166 3585
6482 88
4398 204
4312 2212
3050 6052
5967 5024
2536 5829
5579 3795
1396 2423
3983 6249
4464 396
1398 538
712 933
1574 2484
6599 5289
1228 3684
1440 6202
4291 1773
342 2291
1798 4780
3225 1696
1486 2809
209 4095
5877 821
3760 5529
2213 397
918 3891
2990 3895
5161 3151
6277 1537
3246 3221
3053 2518
1385 2719
2981 4293
4574 5574
2384 2293
2171 1788
2156 3707
5259 6366
4807 5873
4427 801
3658 298
5879 5348
5416 2547
2068 4376
4429 2367
4944 2875
2016 318
573 5050
5523 3436
2866 6248
4694 381
3120 6528
3974 2288
4100 697
6245 1197
6681 885
4615 3747
3384 6590
3198 3249
1253 2400
2214 359
5497 3998
4244 2296
4625 2910
5710 6140
5880 6692
4373 1543
4404 1925
1749 2077
1623 2986
2000 118
6513 1753
2798 2502
6001 1285
4216 762
901 2450
4054 3096
4174 5302
4517 4630
4784 721
4210 2182
3284 5464
2405 3999
5383 1902
571 6711
3713 6392
1706 3291
2802 4976
4932 6066
6449 4214
16 3186
4396 3193
2456 2061
210 2186
4213 6106
1536 3620
6671 5755
447 1663
4533 5592
4345 3482
6669 3090
5123 1888
1411 3618
3919 5606
579 3580
4884 181
4332 3220
4460 62
4380 6328
3182 1234
3142 5034
2301 115
1159 2845
1027 6567
3294 3108
6610 4921
6436 2961
5089 2814
2378 6183
6169 1276
2351 2320
5139 1186
363 555
1030 4845
1256 3091
6354 1839
2640 4807
3170 1932
1480 6432
1404 198
3930 6574
4297 6562
3850 4917
3674 5078
2040 409
4563 2600
6393 747
595 1380
1332 3472
852 6451
2093 860
5054 4084
2909 1174
6407 3750
2669 5736
3071 2591
4355 1070
5185 6429
5284 3946
2823 1931
6456 4667
3081 4195
226 2924
654 5515
6701 4520
2997 4418
6256 5138
5903 4040
935 4677
3738 517
1247 5478
1911 2170
4676 5681
2190 3976
4219 4820
1710 639
3001 6682
2374 4501
122 1637
338 6441
6036 2999
2848 1627
540 2195
3487 1088
5340 269
3597 6144
2899 2565
6601 626
5254 2440
6138 6295
4237 1184
3325 1460
3543 6400
4148 3113
1577 4090
1052 5626
4383 2083
4193 1121
5492 6628
4930 5983
6612 3147
1269 5673
4662 4499
3043 568
846 6001
3510 1233
6232 3677
5435 4391
4619 4654
3482 710
1593 2175
3215 1240
109 2348
352 6280
4787 5689
773 1568
864 3260
2354 5483
6473 3948
4583 89
5109 1695
655 6519
3098 1927
3245 5126
2412 3609
2432 2648
1453 4011
2314 319
1125 786
2131 2684
2141 56
271 1742
525 2222
6302 1583
6305 2053
5277 3846
5260 5990
396 1801
5344 1958
2923 4927
4175 6162
1743 220
3379 1076
950 5005
6106 2145
3087 4527
2785 6451
2657 255
929 6176
1345 1468
5144 4990
5168 4
1475 3362
4785 3213
5452 5149
4467 3570
3059 5390
333 1394
4898 1871
3739 5962
4234 4146
6228 2029
6564 1012
2089 5709
6458 3992
5058 1714
5896 898
6480 2411
5373 827
2069 1691
6167 5283
4778 1286
4381 4043
1799 2768
1221 120
2426 4783
2860 3907
1186 3530
3091 1864
4026 4016
1094 1700
6696 6190
662 2784
2587 2894
1031 6370
4623 3651
165 671
830 2656
1940 407
4104 4608
3657 5966
5651 3149
5296 5581
2634 4241
2226 5168
6171 1174
4331 3731
103 2183
1774 1002
4665 5199
4756 1816
1152 5449
5349 2477
2326 1351
5330 4839
4888 2588
2824 4582
445 2063
5905 5798
2322 591
4135 1245
3266 118
6365 3763
1014 1126
4882 2825
2688 3598
6235 1206
3623 3413
1645 4889
6525 3175
1064 6657
5143 1119
5093 5948
1162 2401
417 3724
5335 1450
2589 2334
1031 4720
3869 3354
6463 1381
6546 631
3261 2364
4824 2435
782 5816
5727 6610
4494 744
1184 1052
265 1508
83 4379
3877 335
4229 5030
4004 6102
5730 6424
4555 3042
1748 2391
3688 5759
5660 5345
1814 3786
2697 714
5232 6164
771 1347
1216 3073
4305 6291
1319 4878
1005 2421
5917 3989
872 107
5942 3092
3275 2555
3225 2473
5092 1727
38 1324
206 2946
1255 5544
882 4498
2170 4814
680 4449
1279 5338
6491 551
4083 4548
1490 1889
1635 4964
5180 1702
4322 2154
2476 244
871 6082
5287 1860
223 2304
4367 6455
6653 5938
6052 3372
3859 3470
963 6137
6226 2821
5648 597
4436 674
6013 3625
3466 3497
2873 5382
647 6435
4165 5900
5266 3493
2748 5448
2425 4998
6156 3285
5501 4681
3871 1914
3911 4348
1023 6097
1065 2310
27 3288
52 4062
3771 265
6296 1843
4452 5490
1893 5662
2483 6212
5700 3257
5569 3542
652 2650
6668 2238
6335 2784
1448 5659
1848 4186
4977 286
6057 3978
6417 2245
1969 6307
5900 4269
2301 3495
4505 3630
2513 6650
4261 5224
338 110
3116 289
1246 2499
1691 5939
1277 441
3721 2420
5539 3572
5370 2586
1123 1338
1392 5453
2924 3134
453 3208
3969 472
2765 3262
3368 2264
5571 4941
6151 4501
669 3321
6116 4393
2900 5221
6646 4328
6324 2721
6541 3214
4478 117
5751 1115
5857 3195
285 737
4392 6583
4799 1569
5049 6320
4657 1817
1888 4897
3625 4515
2419 1070
1657 1855
2935 6274
2915 6259
509 4095
2930 4599
239 2983
779 3290
3167 5099
2566 6506
1239 313
6655 6503
5763 3475
2386 4778
2974 1566
6060 5633
565 2688
6338 3892
3228 3781
6056 6158
5106 5690
4359 3086
4058 6266
1281 2005
4280 578
3841 5823
301 3241
3207 3539
1037 1685
1634 192
6363 1601
774 5582
3389 2715
4747 1724
990 5496
1523 3668
3950 885
308 1106
4448 4063
4010 6034
5266 1372
4099 4846
5406 5350
2146 3494
4369 566
4961 4368
3192 6455
5327 5028
2376 3480
14 841
1487 3671
6037 172
171 6126
763 4621
6158 18
744 2363
1529 4387
2790 330
5108 6358
5716 147
3078 4861
3136 197
3360 2217
5226 303
4711 4094
2363 6297
4357 3979
2378 239
3469 3912
3181 1041
685 2084
3130 5287
546 2410
4156 852
145 4902
5250 4097
295 1518
6478 1124
2948 814
4491 236
5895 302
2197 5732
876 5893
6243 5899
1698 6217
115 823
142 5797
2970 2740
5482 2804
2889 5601
947 3454
5578 6430
4489 1311
880 4334
927 3460
6044 3681
5041 1194
2456 1432
6047 5815
3288 3094
5855 854
4059 3876
5347 3493
2017 1469
5498 3335
1580 4926
3149 2130
3458 1746
2725 949
1066 5784
6196 3458
4106 2138
234 274
5187 1491
3662 2745
5721 4117
4449 4906
2580 3377
1929 6371
3552 949
172 5646
3650 5784
1861 3990
1672 1548
3194 1100
2691 3445
5468 2103
1699 6095
1331 5270
4285 5181
4081 5923
42 6694
5953 5045
3715 5210
6505 6452
33 4808
2604 2391
2139 3456
4202 714
1784 405
5474 5257
4693 919
1389 414
4842 4187
2568 6403
5621 3870
2218 1287
4590 1640
4463 6305
166 6661
4715 6207
1189 5157
3860 5671
2424 888
126 6153
3874 6609
3504 4450
4855 1138
4918 4454
725 628
4143 2024
2521 741
586 1117
4269 5649
2303 2261
128 771
424 2143
1412 290
5027 3805
6146 6529
2094 4915
4369 1356
4598 2261
5192 80
2658 3476
260 4137
5103 3310
6399 5414
2941 6385
4668 1202
1940 806
39 3289
6297 1044
1433 996
2863 2852
2489 2299
5525 4060
6293 2991
3590 6426
3420 962
3022 5686
4209 1479
227 2335
119 6608
6079 4459
2963 3459
5440 3531
2941 3635
6493 3724
6623 6551
694 2749
2888 1947
6256 928
5588 4144
4939 2115
5687 1293
935 2140
4765 2854
661 742
4665 4362
4735 1013
376 2498
3442 5935
410 4471
4455 3561
373 5826
4643 4598
4168 1918
5666 678
3897 4248
2065 891
4395 2495
12 4669
4096 2790
3105 3187
3522 5364
2295 6325
3406 385
4490 6637
780 5989
508 4217
1460 2017
5743 4718
5310 3853
3821 3439
3076 1033
775 5756
2273 572
2319 4727
903 1438
2858 3171
3524 4042
6597 4946
5527 2568
4651 5926
3650 1107
717 2203
4201 278
6414 3882
4519 6334
5015 2239
92 1282
3927 6429
2167 896
5908 759
3134 1434
5545 1416
4052 1114
3270 3160
5471 3265
3767 3054
4696 3165
4806 4268
232 4175
4310 4147
3700 375
114 1793
4914 4281
730 4719
2229 452
3344 6078
6543 3077
600 644
2094 1385
4047 5806
3904 4818
5885 6419
5164 5325
5622 4404
5125 6359
2364 2693
3545 5741
4539 2134
1375 2346
4899 4468
6494 1043
5817 164
1087 4353
6535 5368
3438 5353
1166 30
1329 237
6530 5475
4484 6656
5243 809
1767 2851
3307 2396
6677 2447
1899 261
2548 2716
2099 5515
5203 3418
4566 3262
6206 4870
4985 2081
4111 5256
5960 6316
5931 2910
3158 1314
2713 5945
5116 3635
3810 4155
2689 3785
2340 492
6213 5828
5575 2769
4169 759
1817 4394
4235 1594
4317 4102
1863 3720
856 3854
5295 4647
160 3232
1268 6309
3506 6677
6035 2570
3341 802
4498 1187
843 2985
5428 1821
2709 5827
6366 3830
4335 1820
5840 5691
2225 5552
5220 3398
5153 4199
4954 1639
6697 5175
3849 5033
3115 1540
6442 1539
2397 3464
5918 3908
2315 4874
1604 191
1065 4557
3879 5301
5558 5656
4561 4271
4167 253
2337 4802
4941 231
783 5799
847 4677
6304 155
5804 3690
875 1226
6658 1582
5608 4292
5351 413
1617 1339
4119 2613
6115 2268
4659 3517
3953 3563
4411 5278
931 6036
1377 831
1090 3141
2245 3003
440 1028
1016 4951
4803 3627
2025 5428
6697 6122
6600 5734
1142 3728
4748 5059
3204 1550
4767 2118
1723 2409
4522 506
1003 3568
3830 5901
4564 3794
4091 495
1281 3943
5098 2012
6710 4514
6310 1283
6061 6189
1923 1133
3917 3737
6007 2594
5821 2664
6254 1984
4906 3031
5114 5198
1000 3886
886 2317
825 2755
3847 4302
4318 3359
4255 5672
5121 5676
4026 1996
4326 3247
4258 3032
1177 6078
5334 5439
1664 1600
6585 739
4180 3584
49 629
1832 3218
2750 2204
2251 3088
3169 3977
4151 4555
868 1615
5267 2045
6473 5920
2205 6551
649 5902
675 61
970 4150
6581 6460
4387 5987
5450 3963
5705 5077
6070 4938
3505 688
3821 4474
1538 6440
2539 2810
1881 6019
2934 1553
76 4594
2510 1073
3422 3947
1214 1981
5688 4838
1625 2038
371 3273
4414 767
3815 2432
3683 5605
4411 1853
473 466
2062 3448
2837 6560
3784 1416
5194 3454
5236 827
781 3452
1002 870
908 5152
906 6136
4957 3445
2082 4137
1949 247
6483 3245
3405 947
3697 5832
1557 1482
2377 4661
3150 981
5010 3583
1971 821
1899 245
4129 1154
6470 1492
3701 4461
5966 584
4347 6042
2020 4454
5203 5036
1987 6620
1425 6
4797 5018
3029 4983
1968 3541
5663 4228
673 1963
3989 2331
2593 3355
2926 3474
3778 3
1201 5744
4023 1388
2756 6617
4624 2818
5021 2131
5613 1349
297 1601
456 5664
344 5974
692 287
4252 1798
2558 2563
3203 1430
5627 2776
1058 1702
490 2636
2752 3477
5502 176
4742 3822
5118 5892
4547 5404
2742 6172
4742 4624
1616 4552
4595 5311
1152 2612
4126 6615
96 3951
5234 4370
5715 859
2901 1659
5449 3877
6333 3187
6387 4050
2389 4540
6096 3684
2243 6517
460 2441
4655 321
1297 5517
5731 5842
4852 4683
4737 3392
3127 2552
4131 2585
173 2341
4252 193
426 2383
4189 4629
257 4228
3119 1650
6058 710
2838 5766
5204 2829
1016 4729
231 2093
1796 4233
2255 5871
2608 1294
2931 6173
5365 1150
3136 2375
5970 4273
5281 3995
3201 2482
2905 3314
2037 5908
5455 4077
1400 2778
2393 5398
4220 3975
5315 1372
429 1712
2546 329
6220 5008
4337 3002
340 6245
1045 510
2153 2828
5572 213
3620 3790
5127 1526
4333 4874
4836 5543
3685 2210
3126 5174
6033 1108
3713 3775
1396 2153
1018 5205
2988 5469
5280 2059
6691 5210
1597 1696
5881 6670
2703 6635
4811 2578
3220 4822
1821 2231
1886 3144
921 6542
6248 5057
2206 895
681 1570
4967 3182
4496 1185
4415 3652
5193 6021
845 889
1845 4213
5944 5306
6281 5616
2357 5218
3338 5076
4648 3678
4616 5503
3033 1170
1868 4976
2856 3857
2096 3130
4351 4656
1350 4960
6288 598
3399 284
765 38
5994 3980
1803 512
3972 6085
4183 1390
1214 5236
3764 2650
6556 6128
3388 4862
4098 4736
985 2333
3411 4261
3045 1207
1873 3672
1648 243
5238 3772
499 2635
2515 3986
5873 1111
2619 1495
2753 4847
5233 502
926 5252
75 5939
50 2324
516 1386
5381 2515
6023 1812
5817 2661
3817 2385
5611 3749
420 6690
1063 4574
3584 549
6555 3700
6271 4955
14 4331
4894 2044
3915 163
1653 3127
4356 4560
2428 754
1456 4534
3516 6323
6120 4427
2659 1006
1171 4089
4896 1628
5679 4612
1800 2631
1019 1824
3653 1869
3176 4364
6480 5566
5395 5480
739 3393
521 5729
1919 6308
2414 6376
762 5241
1973 3051
4834 2431
3480 5839
6496 2067
6050 3894
5179 3348
3025 382
4375 2962
2975 1835
638 1099
5423 6655
6191 528
895 374
5485 4809
3275 777
5550 1622
4039 4295
4314 3998
1912 974
5461 1992
6388 5534
4980 3885
4688 4726
2265 2535
4322 3666
4145 3676
2780 4472
3748 1730
1748 6329
5398 735
2893 4733
5652 441
593 5540
2655 5013
706 6671
4171 2049
4025 4642
6703 2557
5320 1749
985 4801
2998 6125
5849 4437
6161 3243
5904 1291
3514 5260
1167 3749
1169 5487
256 6255
899 6625
4286 3439
4529 5711
4188 4182
4760 5586
6104 2920
1054 6347
3171 3117
3433 2530
2106 1358
5760 2187
5580 3604
621 5499
2054 3414
1879 6236
1983 599
2172 5647
1231 858
433 5730
3609 127
6500 6299
4937 1374
1417 4635
4881 1964
4132 2616
4850 770
4283 5746
2141 1697
6426 3227
6712 6608
4576 2886
5442 120
5502 6663
3811 4640
4157 2382
6399 4138
6055 3311
2643 4082
5651 6050
5133 5629
6537 1210
2035 4673
2894 2795
2287 3927
3109 2694
5614 2554
1720 2325
391 2183
1300 5797
6388 5293
4043 3470
2604 6072
5133 5003
1459 6469
3693 1239
1684 958
3532 1309
3163 3281
840 4928
5982 2486
5940 4324
87 3509
4308 5470
961 1603
2009 1327
3561 522
2079 3796
5896 869
2950 5874
188 581
5974 4607
511 6622
337 2335
2340 5728
5859 4433
2737 3216
2988 3155
559 6553
6545 6577
1694 1969
4984 2522
1546 3179
1407 420
6515 1680
4524 349
4502 2473
2070 891
3425 243
345 493
6283 5482
103 4222
745 1834
45 4115
127 5875
3065 3400
918 6376
1554 4606
5577 6015
386 2298
1976 2100
2578 1105
3813 4716
1428 2726
4973 5809
1879 5412
6402 4727
5743 839
2185 1609
167 1941
6250 4470
2899 3657
5105 1978
2506 6582
6579 1182
4298 5780
5353 2823
5190 6334
2085 5862
59 5699
230 507
6393 5934
4980 1414
820 1370
6088 3478
1432 1608
1056 5567
6038 1010
619 1808
5267 1427
2940 2652
4168 3028
1241 6218
4033 5115
2956 1580
3917 624
6659 32
363 5599
3340 3114
6010 1359
4158 4348
5953 2417
218 621
5011 3578
1716 425
1560 5439
4857 4231
4107 3982
5813 3844
4710 36
5226 4570
2628 4141
6565 5828
5827 1729
6261 4626
478 3910
179 1621
5512 1417
1937 1213
6673 2793
3941 1611
4374 3224
878 4691
5752 6521
6358 6012
5158 4343
5188 1620
4533 664
1042 4113
2353 1556
1694 3845
6432 4959
994 34
5052 6713
3165 177
1496 2923
455 1194
1637 5126
534 2877
196 6004
955 3432
254 6025
6228 3147
952 153
5411 6408
1872 914
5801 5207
5415 2736
1572 3175
347 6649
5089 2090
369 4300
1193 5258
6630 1051
3963 4368
235 5077
963 1244
6441 4133
5557 1850
2446 483
280 2673
185 6626
870 635
6244 2217
234 2259
5065 4133
6524 6331
4532 4010
1731 5956
4637 5389
2619 2782
1794 3950
94 838
2774 5955
6540 6223
4306 4154
6574 2123
1804 3570
2753 2822
5467 2813
1765 4837
5037 1540
3856 3429
6341 2595
5083 1983
1355 4109
3804 3040
5615 80
580 4023
2919 475
2792 806
2198 5268
1501 2121
1587 3617
2285 6492
4573 1382
4332 4317
322 4830
5232 5230
761 6633
4254 1100
4758 3401
3972 4141
4232 841
4008 2491
4360 4072
6461 5836
3523 5341
5888 1873
2522 6096
5181 4822
6563 1746
3159 3659
5531 1024
915 4473
748 1233
321 1927
2121 5420
1690 4545
526 4682
4772 943
2843 1013
4654 1224
4540 299
1916 2143
1003 5668
1436 1555
5830 5138
4039 2743
4480 3654
2406 2244
5683 1229
482 2849
400 1335
4238 2656
1427 4813
3721 2287
1937 2201
5886 301
4189 4415
4511 2761
6112 2819
4714 4159
1647 4055
2599 6114
6306 601
4500 4195
4641 2132
5942 6226
5521 3774
1235 2066
5169 1020
2308 3819
2322 2638
5081 2306
5793 4344
799 1272
443 2908
5793 4416
6476 3552
2344 1534
2637 614
3537 6143
6398 3334
4205 1522
2276 837
3173 5212
5977 1732
4077 477
648 772
871 1408
2940 5221
6013 1588
2241 1035
3118 4257
5424 5265
3316 1711
6502 2983
2582 1998
2525 2572
3509 3387
1140 2046
2316 4647
3588 2333
3564 240
3423 5724
618 6369
4575 5905
5752 4571
3590 1787
6411 2058
3046 2872
2394 4829
1264 350
186 2003
822 6017
162 47
1629 5107
4577 2861
3627 6446
3634 3035
5535 5971
824 3390
3258 6303
2892 1541
6026 6624
416 5699
2628 2097
5406 2717
4422 105
2767 2050
6420 4860
5531 3788
6578 5810
1234 1381
5846 5864
2250 36
6589 1384
993 2666
4354 3059
3722 3378
5277 3948
2449 2489
3102 5489
2951 416
15 4856
1333 910
3465 2527
3110 6342
4698 2912
1406 6178
1422 183
3510 5388
3072 6133
431 4458
2054 5329
5237 1518
4011 1507
2793 6565
5321 3325
2007 5483
2430 3519
2303 2770
4184 6630
861 5654
1452 3237
5997 4956
627 4388
1151 1072
5275 3779
5430 6034
5252 760
4648 6163
5698 540
253 3646
1223 4693
5824 5053
6612 5397
3152 2607
973 3708
1262 2561
2207 4430
1896 2762
4969 1882
3180 4658
4723 6087
4947 1361
2876 4284
1654 1675
5727 6082
3181 2702
2614 4006
2548 3050
4953 6039
3358 2762
5156 3424
2766 708
791 5042
1880 4461
6353 3063
6313 4686
576 353
6284 899
6014 4319
6178 5821
5940 2111
1784 604
3494 1138
5355 5074
1662 3350
1485 4333
6227 271
3793 2284
693 2662
4306 3955
2947 1130
6090 3242
486 4749
5602 1516
6569 1260
5386 4828
5058 2786
5409 3704
5062 1957
3035 4791
3922 4975
1755 3366
5239 270
3901 4061
3095 5280
3899 2064
984 5407
3902 1602
2530 4211
3172 2286
4440 6582
1455 3628
3940 2897
5503 1196
5980 5975
1988 2622
3596 6148
150 1649
3800 4876
2896 5559
4877 331
3873 6611
2511 4435
887 1890
403 1723
6576 3554
5632 3495
347 5787
4775 1260
5999 2843
5032 2366
5075 2359
4737 480
4702 220
3536 5264
837 4559
1503 214
4678 2125
5443 3849
6020 3562
939 2443
406 4486
6361 3404
6239 934
3823 3556
1989 2147
1527 3538
4907 5437
5597 3893
2700 5172
2395 3263
2914 5683
2986 1760
4700 2133
2469 4251
2150 2158
3848 3807
4772 3565
5690 4278
3484 2576
2167 2381
3702 2760
677 5166
3260 1139
834 4843
4709 4334
3058 3304
5237 4455
6600 4871
3895 4689
4857 2702
4265 2815
2331 2293
3374 927
2576 2546
3533 4446
5915 3069
5890 4893
1949 2181
5590 4125
143 1324
1994 4260
3541 2030
1768 4819
687 4104
3421 5642
3183 2004
4029 5949
1692 3767
2559 1786
145 5219
2978 312
169 3883
3654 5270
5245 3938
1350 2350
3070 1038
5541 563
4744 5100
3806 1948
122 3428
6233 1467
6522 3782
3364 1599
3084 4697
3814 2733
533 4475
491 2801
1435 5030
2629 6395
2727 6264
4820 4444
5504 2316
2454 5619
1144 5995
2741 6580
1930 1113
4755 328
1216 4686
4935 2795
1212 5197
202 3234
398 6351
474 1789
1209 2543
5362 2013
5292 4457
4935 4556
6184 1278
2692 5273
3356 4469
781 2827
5829 1007
5546 5288
3428 5006
5285 3315
6557 5820
64 22
3542 3266
6553 1163
3862 1341
4180 4048
1253 3971
4448 2863
1243 3143
2626 4211
1802 2248
6513 2314
3015 5524
4245 2869
354 3476
3062 4009
685 6571
5164 6693
3076 1720
4943 5298
6508 1929
4364 1574
3606 1975
2731 4669
4543 3352
432 5086
4851 2203
6103 2324
3184 593
3177 3001
577 588
5760 683
3042 4823
81 1974
155 5309
6452 1824
3055 1715
3969 2168
306 2240
2993 5837
6487 2097
4796 6702
971 4854
5052 4585
6070 1907
1209 1573
5123 5595
4472 6571
6279 3522
1678 4536
2890 4284
2250 3984
1325 5673
3715 211
790 4492
1622 599
5617 2508
3804 2345
1308 2036
5255 3556
4814 225
84 2276
2443 2474
3107 3290
3306 5738
5852 1684
590 2332
2977 3023
361 6080
5553 4045
2270 5134
1451 3775
2387 3758
3212 2120
6101 4118
1859 3237
2057 4996
979 6613
4222 5357
800 3880
3142 4497
660 6584
5720 2356
5302 2312
736 938
2915 3680
1071 5293
4325 5021
3301 663
1388 1080
4579 3214
2903 3209
5082 4786
869 1698
473 5161
984 5457
2703 4885
6263 5547
795 1178
4534 4777
4040 2597
5195 4288
5555 5132
1282 6510
4294 3046
1747 4019
609 67
1683 500
1579 483
3491 5983
6568 1803
3023 2579
6047 1974
5987 2727
1633 2615
1268 3404
5129 4309
5790 2813
5854 2099
3308 1207
4311 596
1309 6637
2412 6494
583 1060
2071 1945
2957 1088
5589 6048
6132 5319
4883 2913
3777 1693
4047 33
1615 5082
4512 2191
4920 1134
4554 3446
1966 721
334 6322
6126 3206
567 3485
4179 6423
1053 2155
370 2646
3279 3572
4853 4690
23 4236
1754 1975
5347 4285
90 337
634 6461
1519 2173
1652 3692
1979 492
6154 742
1008 388
291 6262
4741 4913
3259 3502
6231 4276
2006 3726
1871 2466
468 2434
6457 5825
1274 938
2246 1107
3343 1517
5855 6420
2146 2560
4649 2529
6320 5754
4796 3655
4198 1705
260 1128
3599 1426
2777 1922
3890 6356
4962 6462
5973 3838
5160 1865
6268 99
2177 6484
6289 2253
4148 3507
1513 1022
3095 3653
5999 5587
2461 4982
1140 5323
4546 3090
2174 6641
3959 1681
2574 3013
1095 1596
3879 4268
2738 4021
5282 2252
5600 4522
3546 1257
4613 1176
6502 2587
1353 5889
2357 5842
4569 5073
1961 3621
3575 5541
2278 320
6012 1562
3618 2664
4467 1966
5801 2129
607 3489
2469 1766
3839 2501
1046 3793
4962 6378
63 1980
3607 4910
1213 3267
4247 25
2038 46
4666 1315
4135 1669
1036 2102
3229 2133
3601 829
125 1956
2847 5285
2106 2457
5456 423
6471 3661
450 3440
2082 4076
2210 3588
4708 3662
1884 2126
6575 2724
5635 6314
2806 6100
451 6214
770 5625
4275 5200
3061 1679
4056 6193
1775 6477
1019 1318
3524 6680
4212 5634
4035 2654
2136 4092
1758 3337
6337 1791
2215 3348
5103 1999
5231 2704
2623 5275
4150 3429
1708 3814
6526 2356
6057 439
3735 6522
4054 1032
3736 1900
434 588
4162 151
4720 3502
4227 219
44 5875
4594 3185
3048 718
612 928
5374 3223
2733 66
3204 5004
152 3984
4279 5479
5225 4661
1504 190
921 1190
4504 833
2292 3740
4583 2681
799 978
2021 3924
1522 3636
684 2454
345 6222
4776 2369
1048 3461
1337 2769
5488 6570
1892 4375
2601 703
5564 6170
3292 2857
4613 5914
3228 5936
5757 1687
4439 3567
998 718
5060 1953
1517 1006
916 3021
2897 842
1035 3600
3527 2500
1091 1619
5637 1515
6040 3217
3370 5906
5070 916
4442 2531
5363 5081
4892 6397
1570 964
4429 3148
3766 2631
2477 3870
3714 6130
5660 3253
6216 6009
2508 35
1771 3486
69 6337
1819 4738
6261 3431
5311 6709
6285 5726
6124 5256
5878 4474
3641 4826
6365 4421
358 1709
5112 3755
161 1393
695 6152
5528 5327
1161 1851
4521 6215
1920 3274
2260 5848
3734 4030
5509 1455
1327 6088
1038 3017
6339 6404
3707 2144
4797 5450
2735 4208
6104 4289
5225 281
1638 4340
5696 355
1913 4763
5717 5163
2560 2537
4871 4418
2492 2413
3800 5071
5670 6049
3681 4746
6511 2755
2417 362
4683 4338
1790 143
422 4782
2399 5505
6479 1756
5899 603
1098 1077
4679 5944
1642 1205
6710 826
3656 525
2043 1291
2599 4518
5761 1298
4338 5916
3232 2390
614 6127
208 6263
3548 2803
4633 2856
5387 5838
6666 4167
226 2434
5929 6098
5319 980
458 2797
2807 4017
3534 2123
2022 264
5795 1448
6131 6704
2815 3766
2903 380
1823 6576
3866 4929
2995 1903
907 2512
6317 2189
3901 1629
1271 1182
1567 3689
2269 3307
3706 5831
196 4644
2520 4978
2478 3435
390 784
953 2041
2999 3345
731 272
3057 6161
17 3959
3683 2844
6390 2536
2138 757
2049 250
1443 3202
1586 4093
1079 6427
283 6077
4675 5757
2433 1950
2839 5154
185 2448
3250 4468
2844 6025
2243 4600
3699 5359
1149 6312
5898 1248
4453 5538
932 1221
1814 6323
1688 6125
339 4484
4034 2716
4159 4674
3132 3272
6068 2532
728 5110
2209 953
3623 3708
3131 6561
1055 6240
4581 4464
4766 565
6512 2073
4551 1230
1199 4883
93 6077
402 2155
6507 2042
5938 1170
1543 6440
3980 2874
2677 2079
170 3250
4607 6603
4748 4223
3473 2439
5738 1308
6330 4550
720 30
1719 6486
4372 6067
3422 1055
6300 2893
1549 784
2430 4994
5773 5070
4995 6644
988 909
4907 1787
4694 1450
3896 5017
6416 424
797 6083
123 727
2416 398
3403 5470
4663 4591
3128 5064
3184 3138
900 4537
2385 5180
5166 1776
3312 2076
5862 3549
5178 764
5511 364
2484 6171
3831 3217
2116 268
5724 2736
6159 794
934 940
214 2388
536 5229
2179 4914
1437 1611
2881 4528
3019 3833
462 3718
1846 5708
4733 6137
5971 670
2501 4441
404 3145
2386 5007
3190 504
1364 6239
4873 5271
1037 199
555 1492
2832 2608
4585 734
5731 4360
1349 1819
1856 1156
4895 5678
4974 5396
3382 828
207 3808
5420 5968
4015 4826
1902 2470
5434 486
5477 3999
2389 2573
3704 5856
6453 2231
2275 1689
1722 328
1736 2551
5195 272
4194 1815
4298 4544
4198 498
1877 6516
3720 2403
3843 3364
3392 2107
1575 6340
3271 4041
3608 5271
1198 1885
3486 2159
2087 5492
5633 4036
6439 463
1533 5312
3505 3686
1727 3351
4798 4218
5095 1387
2305 471
1252 4001
4032 6471
1305 1009
3915 5991
5695 339
3550 2255
5178 5490
2207 2313
1894 2644
4689 5480
849 2014
5576 1093
1375 534
294 5399
229 2393
4400 2390
1883 3030
2436 2234
2864 6033
1681 5351
49 6270
1023 4272
5604 5805
2592 1545
3750 3140
1988 5844
836 1219
3881 4986
3514 4138
2202 4810
2912 5235
2395 2068
6421 2630
5261 3323
2532 1693
5183 1447
3011 5243
6268 3970
6408 682
5268 6543
3982 6621
4959 2351
6327 5046
4488 1354
332 4491
1895 5489
6076 1830
668 393
1520 5274
1331 5702
2577 132
3613 5876
961 3699
2425 158
161 715
2504 2037
4341 5575
3221 988
4876 5948
2663 1644
729 4274
6704 757
545 6539
1494 1976
3308 2424
3626 2095
2570 2789
1564 2811
724 4264
5333 5255
3908 4447
6324 3005
5604 2937
4707 5397
968 4178
5630 3845
5148 513
2113 5792
79 4085
1943 2622
4255 1472
4286 6075
5169 3670
651 6315
164 6631
5675 1160
3979 285
905 305
1670 1938
5655 919
4499 2841
5276 1415
2302 4617
3703 4901
664 5813
2041 3153
3666 865
5330 4101
503 4858
1892 3163
4927 1155
4697 1323
836 6656
3409 3875
5959 5719
4438 1781
5950 467
4204 5709
2850 5812
3310 2073
2943 5516
6144 6325
662 1356
6579 3371
4476 2379
2246 412
3374 2649
3271 112
238 3889
3327 3741
446 2228
2053 4972
4771 3159
2699 3238
4610 2487
3158 4504
4307 796
3300 5677
3751 1458
6089 1763
4358 702
3580 2127
6555 3298
1733 1934
698 6109
5395 3092
4079 1516
6349 3690
6219 215
5304 3296
6520 1676
4086 4584
3421 1531
5316 62
4346 1159
2307 6329
1810 5484
1704 728
5849 1428
4112 543
515 4766
4020 6275
2304 3096
4204 4572
1498 94
3337 3075
1555 6111
1459 1014
6073 1904
5807 3411
5532 1858
6619 5063
5952 57
5035 574
4859 177
3776 2104
2402 5627
408 387
521 3935
1145 4377
5025 5513
73 874
3430 2504
3253 5723
1192 3900
1868 5841
3006 5173
717 5034
4330 2785
514 244
4696 3234
476 4214
2098 5189
1132 93
45 5883
263 2867
1531 2768
1560 699
4301 702
557 2928
3862 5054
2596 4909
2128 1046
3185 189
3067 5747
1659 5609
3782 1971
4562 64
6176 1686
1257 6501
3903 2627
5380 3199
1263 2734
5645 2575
1104 5446
6700 5162
1439 5514
1478 3349
159 2166
5391 6528
3676 194
3918 1270
4088 1557
4706 4318
2315 6428
4699 3303
1045 5223
5083 6444
3010 4684
4924 241
3263 1982
5558 5223
6711 3338
4692 5765
6198 3578
3222 589
1010 3100
228 5975
2455 1336
99 173
775 2148
6229 5253
6326 2214
221 959
6105 4741
6276 5561
4920 3971
1231 5294
5891 931
6321 4101
4115 725
1143 5324
6011 5171
388 4321
4853 5631
491 2175
1230 930
6647 2641
3261 5912
2644 6187
2848 439
1915 383
6410 3595
6210 3515
967 4553
6594 4083
1972 3994
4065 3621
3101 3885
1225 3875
6045 4263
3774 4621
5792 1512
3526 5476
1464 3558
1744 5427
2510 3664
2929 1521
5950 4476
5814 5745
2025 5500
397 903
2724 2379
1407 1295
5577 6559
3303 5679
1126 785
578 6591
983 1431
3603 3210
4174 4558
3500 1470
4234 474
1559 1401
4452 3633
3673 2031
5408 246
1710 1551
65 6438
1922 2891
2771 4978
1409 1852
5791 4781
1466 1027
4965 3426
5514 5722
867 5421
2992 4088
511 5128
6558 5884
2323 4645
1894 805
6160 4149
1921 1795
531 3960
2707 3577
3450 6659
3117 2342
2350 3761
4525 5551
5008 6073
3148 71
5298 6640
458 1845
5306 2180
4430 4000
1361 794
2561 5387
2103 37
1623 2188
5066 6427
2936 566
1462 1596
5175 5663
3416 2479
3587 5644
6020 4877
1537 2337
5544 3188
995 3037
816 4808
5523 523
1576 6682
5496 4240
3780 1357
464 2595
3573 6619
2075 2666
6428 3742
6111 3123
3276 4657
3020 2955
5678 5958
54 1021
1290 4327
4297 3832
3299 6412
4660 6687
184 2493
1589 10
3331 4702
421 2156
4969 5443
72 3696
1367 793
5508 802
4600 1774
2911 6113
6615 4915
1476 5020
2353 1146
6265 4108
2118 1606
6445 1688
6301 2052
1638 1379
4603 5733
4395 4117
2158 4275
1980 4897
1017 493
4432 5993
2878 6514
690 2621
6278 1084
661 1841
2002 2451
6129 1402
570 2575
5111 2030
5007 1457
5591 1292
5465 4886
1671 2747
3106 203
4608 1178
3944 5552
5547 2704
2289 1104
6155 5623
2480 5116
3822 3636
4875 5312
3342 4219
2752 6639
5253 3727
2024 1199
5451 3610
6143 16
28 1643
4114 4378
5392 2080
3061 3863
2359 290
4905 3952
5309 3965
4085 5907
279 2197
327 4949
2630 834
1119 289
4578 1312
3477 1930
5043 6534
5217 5619
4487 4051
2690 5992
3231 5702
4859 3436
2092 233
3396 1674
169 475
4412 6195
3765 3756
2579 4732
3027 3658
348 5566
6456 2788
4473 2670
3551 666
3299 1545
5641 2772
532 1243
4146 1890
2262 5469
4567 3933
3806 1406
5516 2252
3135 1469
3773 247
1237 4066
6634 209
6285 3995
6194 5837
1885 1866
1078 6208
1075 6252
1363 5504
2362 313
1658 5947
4057 5272
1299 1303
4215 1771
3642 3677
2375 4405
131 907
6689 5696
2177 1398
1053 6690
6604 3330
100 3672
5264 3318
2889 969
1770 2981
2831 1434
5091 1283
2968 2542
2295 6064
4315 4601
5118 449
5140 2883
4784 5907
4966 2128
1728 5734
1926 585
380 1284
613 78
1220 6056
2538 3501
6554 608
5205 4170
5445 3936
376 5060
3981 1181
5453 4577
1632 3402
6287 3371
37 5111
77 3352
6662 648
2958 2512
4758 3641
2088 3144
149 3889
4878 1869
6241 764
1360 3475
5338 2233
6294 3129
5693 2084
6667 4178
6011 2371
4024 902
6573 5365
3024 2778
6135 1086
1743 2455
4022 2719
1495 1187
3904 5009
620 2655
3504 3759
4591 6200
4265 4827
2521 1779
389 4709
497 3353
1376 5079
5542 124
5322 4370
4963 3571
2086 2113
2895 1565
3278 6634
4879 2398
311 3197
5785 2461
6192 1329
3912 5851
1479 5345
1097 4445
3837 1113
6242 1168
3438 4127
3239 547
6173 1000
6296 4873
136 2670
5101 1981
6304 1236
2709 569
6628 1487
1965 2520
4639 4256
195 2465
5022 2226
2468 3471
3078 2372
3154 6450
5736 407
481 5124
1321 1908
5120 3169
1933 4762
5291 2610
6314 1907
3816 3939
501 3104
5969 5910
786 3914
1904 2866
130 2966
1636 6466
1085 6286
3088 149
4867 3639
434 5961
378 860
6364 6674
411 4403
6272 5391
6110 5643
5661 561
2145 741
6053 3789
2499 5219
4728 343
6030 3648
2029 1811
3282 6132
3369 5834
5958 6042
4968 1764
4524 6141
428 5916
1316 5026
6605 5664
1348 2902
3068 2072
412 855
1663 5887
1449 4645
1475 815
5943 4616
2835 2987
2055 3047
5617 6645
3949 3967
976 5039
6683 3367
4836 5240
4196 126
653 5766
2675 5308
365 2173
3962 1878
4997 924
2978 5843
6603 1836
2819 3884
913 4714
1435 6433
5984 2373
519 659
962 2188
3410 5295
2330 365
2039 1494
6138 801
1672 2423
3781 1805
1690 2100
5661 3835
2258 2013
733 5980
2643 576
309 2349
2569 362
4439 2834
2711 2746
5964 4530
3463 888
379 4620
2977 2654
4967 3353
3082 5995
6626 517
5687 4290
6022 3887
1755 5215
5495 4586
5640 5041
1961 6360
2427 5913
6253 6180
1833 29
4798 1196
3628 4423
2641 2749
2213 1593
2023 3283
1278 275
5843 3038
5512 795
4663 6533
1766 5990
6089 5184
3224 3734
4730 2735
3925 5384
1584 2682
3085 3021
4355 6546
2409 4869
3712 5653
3414 1228
3369 4970
2023 6403
629 6107
3241 4508
3932 1274
1778 6312
712 2946
2553 168
4240 4446
3499 41
1351 5658
6277 1725
4674 789
6430 6055
2976 3965
967 6344
4700 1337
1177 3106
926 720
6488 3367
5565 5713
6447 6415
2117 5389
4326 5858
3576 1503
4824 6507
3776 2817
1413 1326
4350 2165
6121 897
4492 3790
1670 3492
3611 4365
3235 740
856 1198
4538 6198
704 3227
3648 4093
4992 1595
5346 1464
3682 1399
5835 6139
1565 2019
2791 5153
6446 6367
427 5354
6644 3485
509 5782
4253 4795
3152 4434
4543 4456
3463 5400
1973 5707
3417 1009
3394 610
3178 1717
4166 1613
2367 6596
3306 2460
1651 5143
4431 3593
5214 4320
4682 4509
6700 4340
2000 3615
3689 1191
4072 3098
5868 3137
2199 2192
656 1131
55 2460
6400 5847
5650 6383
1352 6468
3844 249
863 6147
1757 2221
5317 261
2996 1736
6642 6384
1936 4515
3383 5152
2332 1942
678 4605
4909 408
454 2328
1026 790
3025 141
2954 2647
4278 4310
880 5107
983 2887
3137 2598
6289 5308
701 1267
1642 4342
945 2161
510 1362
1376 97
5945 4230
3940 1057
4162 1605
558 5188
5598 5602
787 6121
5988 1290
2615 2695
2284 1524
4049 1671
6029 6328
1751 6081
999 252
618 2541
6041 4575
765 4393
3004 5720
3030 4900
1772 3906
268 698
2529 1321
2270 1488
2318 5970
1842 6709
6339 2483
6701 6352
4226 1901
6087 317
1443 5102
6621 4057
6588 218
3907 6233
1764 2739
4958 359
1906 5053
4142 1028
1595 3358
3296 5767
2005 2486
596 597
5645 23
6151 4384
5725 5370
6636 1742
6651 4818
1831 2667
1132 5002
6492 2055
993 2973
4273 1451
4510 6114
6568 4257
6331 4258
1598 6577
418 5955
6389 2122
4869 887
242 773
5456 4166
3513 4753
3032 1916
3593 4200
42 2779
180 5786
5014 139
6698 2194
4769 3929
2687 4437
760 4588
3961 5145
5934 1944
3481 5583
711 4176
2012 3855
623 3085
5622 3642
4587 6413
3608 4308
5218 2505
3978 4064
4250 5426
3431 4327
2368 1156
657 3416
1015 3100
1092 4341
4399 1532
2032 4993
4805 3855
3066 5413
6591 1581
3575 2272
3396 1049
3612 467
4770 592
2343 6562
6282 623
859 6094
5177 2603
2734 1158
5193 5
3783 6676
1175 1946
4153 4073
4794 5592
6650 1442
3554 1441
3668 6359
5150 204
2200 6179
3723 3465
960 5113
6062 1954
3089 3818
3451 5463
5742 4912
2139 3513
4203 5815
4586 4688
4131 4580
6443 2205
140 2679
3966 3389
2879 3925
2873 1409
1298 280
6069 34
3876 6159
4579 6435
1792 824
4715 5013
6477 4238
157 1219
6181 2603
4185 523
1155 1238
2918 653
4791 6604
3557 746
969 5035
6422 582
5307 4414
1227 3139
6028 2114
2204 2605
1180 5300
3772 1962
5019 2690
1354 6021
1505 5867
5543 4080
1262 4458
2372 3745
5808 3286
1429 5135
4362 5708
4998 4078
4120 1800
708 1117
897 6292
277 5643
1947 1827
4933 1120
6232 5137
3020 4274
4944 4086
3383 484
1539 3961
4735 2994
6378 4292
1886 3525
3848 5261
4634 1624
912 4764
6134 1810
2909 6008
1618 575
6475 3099
4964 4009
726 2496
5676 5533
612 2319
6566 2659
6598 4923
6538 1913
5313 932
1271 3543
4207 1625
3732 349
3686 3916
310 5109
3883 6692
2494 2445
2593 4632
1304 1137
6397 2773
5595 1807
605 1676
3709 1509
1643 1461
6449 2126
6214 1145
3240 1504
2764 5891
1397 4266
5979 3043
60 4329
5781 6108
1692 4703
1418 6396
2678 5677
5904 4029
5853 1837
991 1436
4443 5654
1391 1304
572 3312
102 1592
116 3736
46 387
6227 3977
6357 1205
5369 4754
6202 1086
1641 6002
1288 2859
4084 4793
4900 2770
952 1707
3852 4740
1446 4584
3712 3274
3539 1750
5634 743
438 13
1188 3738
1040 740
2444 4408
1745 2101
2533 6188
3596 4299
999 6142
1103 2457
6100 5216
1420 2640
448 6372
2637 4867
3081 4069
1737 2107
1463 6230
6109 5202
4177 2018
4381 3932
6354 527
2681 1729
2685 5618
5474 1263
2642 6207
3189 2220
3447 5122
3496 3512
2898 2625
6193 4239
3056 4680
815 5472
2506 4424
747 1481
3157 5557
3613 6053
2564 5790
3455 5047
1932 1891
5182 309
5 4604
3330 1660
5564 114
6609 835
3419 4156
4005 5996
804 76
3460 3555
5669 5182
3212 1794
6425 3069
292 5665
977 1242
616 6257
6316 340
6112 6246
4120 5548
459 776
1525 3709
3355 2629
651 148
607 6130
4931 27
6643 4695
2618 2976
6475 2824
6014 3807
5250 3993
4031 1063
4082 1208
853 2525
1269 6389
6484 3370
5623 2606
4770 6133
5156 6272
4489 560
6645 2154
4559 141
1734 2036
1630 65
1838 4207
2746 1725
4073 1898
1021 5163
5780 163
1112 5978
3562 501
2857 3647
1108 1959
5507 1383
2639 4890
3123 2651
6707 924
5359 5149
1806 466
6000 5854
4870 1004
3582 643
904 282
5880 4263
2885 5612
50 3762
6162 6278
1445 1809
563 5526
738 91
3768 6381
5131 4840
4979 5246
544 3054
6517 2011
28 3646
4596 1514
5027 4672
4173 5093
6552 3680
4675 6417
4996 4706
6508 6164
4887 1229
3156 6234
3268 6510
5933 6652
4566 113
1903 4433
878 1466
3230 2602
146 3309
2411 4716
3688 3191
570 448
1529 2216
1165 1600
1931 5561
5110 3798
3801 1017
3605 4140
1542 5715
2993 4184
6497 206
2360 3864
3557 6204
3544 6499
325 6640
3449 308
6311 1652
6288 5251
3203 1675
1483 1773
4644 4554
6368 2236
2796 3744
2554 5555
257 1780
4743 3644
2722 5112
2230 3162
4529 5866
5946 4155
2466 2751
964 3251
6322 1754
5324 3053
4940 4500
2757 5484
6431 6258
1261 1102
162 133
2414 6000
5960 2800
3282 68
4767 3675
366 3515
2840 4254
929 73
5965 5040
2737 6670
4991 666
5393 756
5016 6216
4662 2201
5494 652
3219 2166
6511 3070
2511 892
2884 5946
433 2556
2503 2689
4330 930
3335 989
1251 590
1577 5404
4126 6629
3732 461
6063 6706
470 4626
5473 3682
3924 2349
4281 8
2853 4609
5510 5325
1944 1631
3954 2807
255 1761
2858 4090
1738 1705
567 336
4792 293
2930 5269
6186 1842
2798 2371
351 1378
5567 682
6177 5511
1875 4695
6290 2428
920 3986
4420 358
1709 5357
3174 208
2528 5977
2039 755
2936 6010
4880 506
5528 5383
5917 3442
2001 4790
4788 1387
1713 3898
1641 5445
4277 5638
4152 2968
3974 4321
2989 292
1015 3985
5186 722
968 1909
2880 4170
1477 4718
2186 1995
1853 3361
1759 3725
4242 1607
4981 4819
135 2965
3899 6676
5045 4525
3937 3038
3157 4139
2092 783
1535 5584
796 1646
5775 2890
5881 3317
6705 2189
3730 4181
4055 6060
1061 2157
148 6083
3527 2
6405 5170
6699 2370
3198 6005
4738 4949
2584 8
1330 3236
5586 2609
6618 1673
5735 2975
5848 3201
6453 4187
3206 2777
1277 524
6074 5769
5941 295
1007 2964
6244 550
4161 4981
1364 4070
1318 5328
3579 3058
5964 1666
1265 3898
2744 5140
35 6688
2816 6235
2665 2257
3272 883
4633 4599
1134 6351
5269 632
5377 939
3311 4401
264 4110
5932 2232
2031 1367
2544 2368
5120 1185
6102 3602
6091 4547
6707 5800
4122 6547
5486 4419
658 3034
6698 2481
4863 132
5753 1653
5825 5852
60 3664
4407 1835
31 4153
3105 5897
2870 1841
5674 3388
1662 5814
3276 4172
3264 1717
5321 6466
6563 2877
5986 298
6293 1617
4507 6172
1168 665
2233 1934
6636 816
3387 5141
2900 3432
5417 4059
6040 5155
3905 585
6674 6667
1989 4249
5130 1473
1591 1864
394 2446
4631 2266
3110 1721
3719 6686
6567 2176
2610 3603
3868 4947
1726 1872
4398 2178
1074 3920
1333 3711
2224 4922
4382 4392
4653 5500
6122 915
5568 4409
3079 2338
1796 2559
6220 723
6179 2931
6194 5951
485 533
2119 5582
2281 5866
3763 5749
6448 181
1551 4053
104 4221
6542 4206
1523 505
995 4830
4236 549
1741 2519
1317 530
4032 4245
2810 4615
5761 4186
2761 1992
4993 1390
5473 1759
5248 3691
5385 5535
5080 1951
654 6683
5930 6266
1632 5718
4961 2187
4304 1679
4617 617
4931 1836
2713 5532
2562 3372
2282 558
6076 3441
980 2159
11 3173
2193 2552
4925 4704
5096 6270
4376 4988
306 6026
6641 5279
2586 2720
1293 6481
11 4130
2636 3202
5367 1850
5358 610
3412 392
4405 4099
2365 6459
1497 3026
3192 6580
4363 641
1610 1099
83 5867
6319 5811
101 224
5835 3529
2249 1405
1884 426
4679 1452
954 2572
1718 3616
6283 4441
4939 1067
5429 5086
5533 1724
3118 4460
4260 1500
1656 5537
6556 4933
2620 1861
6569 5332
95 922
2621 4279
2298 695
4953 4134
1840 1024
3177 4781
6131 5530
752 5141
5685 5672
972 4217
5185 3345
2222 2633
3363 20
2845 1105
4891 5342
3705 4911
3694 3167
1752 4658
5581 5485
6519 6115
3199 1721
2472 4123
3132 650
5684 5407
1667 1751
488 1967
1665 6530
12 2750
3424 3516
4071 230
1090 5607
2678 2449
1990 4924
1307 6043
908 138
609 3243
6587 839
1895 1893
4434 3717
4125 4038
1424 418
5213 865
2300 2178
6538 5583
3492 5981
1440 2782
6224 1153
3739 5465
5529 6605
4690 5098
5553 3952
2098 5491
1478 4253
360 6438
1579 2235
4408 1143
4018 1719
4711 3380
2151 3919
1474 6454
2886 2605
1532 3960
6319 2476
686 956
1851 4986
156 3248
3450 5501
1942 1919
5767 1791
2382 1624
3084 4516
75 1765
753 6377
4116 5117
3049 1204
3314 4736
3083 472
5688 1018
1112 2533
5732 975
1805 6713
2729 4692
5071 767
3911 411
6006 6247
2292 6350
449 2209
1048 4008
2311 876
957 3131
3826 755
873 696
6274 4100
6313 4938
6663 156
384 2929
4497 4495
848 3033
357 5343
2310 1465
144 4316
2974 2928
4614 4701
4377 4860
4687 6318
6124 3752
2464 6117
5573 4651
1076 327
6201 4463
4384 1149
4323 4932
519 6091
4466 3153
5593 2070
3702 2632
1935 3639
5758 944
553 2394
402 2162
3858 1344
6211 5777
5129 6550
6533 5997
825 2802
6224 128
5819 4912
550 263
6170 1075
5789 5375
2516 429
4899 1586
2117 4895
3406 3010
1963 4345
4845 2535
992 5742
1964 1857
2060 6442
3673 1603
1410 5549
1520 4561
3121 5209
5279 3802
203 3968
3711 1528
5530 4451
2759 3540
6496 1506
3350 515
5016 4503
2513 4422
4483 1383
1938 4882
3679 3996
1891 478
6706 3036
5194 4469
6165 4290
5076 6532
5297 4361
1687 2283
529 3946
3968 4963
1826 2435
4477 3928
619 2992
5222 5493
5291 1669
374 5925
2467 3339
4759 6470
4768 1074
5554 5282
785 5657
4787 4943
4753 4215
3373 2871
6071 2157
5430 5506
2221 577
3923 191
1747 1626
1827 989
3248 4067
5776 6242
1025 3576
3342 3170
3462 5884
3283 2447
4242 4678
4060 5697
2952 754
216 1674
1106 4723
4942 4015
5303 5145
1410 2697
2683 1093
4764 3548
4636 2882
3351 5316
2618 4070
3743 6639
683 2933
2297 2265
5084 5932
2540 6327
6118 1588
187 6686
372 6326
386 2230
6409 51
1924 2392
3817 1238
2377 1941
2490 3645
6044 4443
2429 5477
1252 1761
414 1151
5594 862
6063 5874
2820 3419
1029 3174
832 3235
3124 315
1173 3815
4264 4426
5068 3233
722 4403
4806 3624
3484 3970
1322 5433
3420 3886
1970 4022
1900 48
4013 677
227 716
2668 3631
3537 5073
455 1135
3714 3099
1338 4917
4 2787
415 5549
4997 5570
5426 1769
2281 409
4977 1425
5919 279
5238 3521
6444 1953
4526 3297
187 2984
4593 2979
4050 3048
3836 529
4782 3007
3008 5132
909 626
6330 2496
2174 490
3820 5594
450 5242
1096 5401
810 1421
5968 2136
2263 4272
1728 2274
5713 864
4416 2862
1661 645
2026 6509
1874 2488
86 479
238 4765
2660 1762
3425 4923
2051 4821
5343 3385
4206 2580
4936 1079
3146 700
1386 5009
2437 5519
913 5422
4597 1630
3126 6054
5883 3376
2135 5888
3809 727
2754 71
